  3  3  5  6  5  2 10  6  9  4
  6  6  1  7 10  1 10  5  8  7
 10 10  4 10  7  7  7  4  1  2
  3 10 10  9  7  6  4  4  8  9
  5  7  6  1  8  7  6  5  8  3
  9  4  1  7  3  7  7  8  5  7
 10  2  7  9  3  1  3  3  2  4
  6  3 10 10  2  7 10  1  9  9
  9  4 10  1  7  4  3  4  1 10
 10  5  5  6  8  7  3  2  1  5
  2 10  9  6  3  1  2  9  2  8
  7  9  8  9  7  5  3 10  9  1
  5  6  8  4  4 10  6  6  3  6
  2  1  1  7  9  2  5  1  9  6
  5  7  3  1  4  1 10  7  6  6
  6  9  6  9  9  6  8  2  4  4
  4  2  2  9  5  3  6 10  4  9
  4  9  5  5  7 10  8  1 10  8
 10  7  1  7  4  1  7  1  9 10
  4  3  3 10  3  7  2  6  2  6
